count,mean,std,min,25%,50%,75%,max
241.0,0.26556016597510373,0.44255013547239885,0.0,0.0,0.0,1.0,1.0
241.0,3.61134163208852,0.9577561053515925,1.0,3.0,3.66666666666667,4.33333333333333,5.0
241.0,2.8854771784232365,0.7029081558202835,1.4,2.4,3.0,3.4,4.7
241.0,3.5297372060857533,0.9488862746046479,1.0,2.83333333333333,3.66666666666667,4.16666666666667,5.0
241.0,3.9135546334716453,0.8249695543697388,1.0,3.33333333333333,4.0,4.66666666666667,5.0
241.0,2.8750576302443522,0.5731593171965331,1.0,2.55555555555556,2.88888888888889,3.22222222222222,4.11111111111111
241.0,2.783713692946058,0.8247264729513185,1.0,2.25,2.875,3.375,4.75
241.0,3.784232365145228,0.8863733712092631,1.0,3.33333333333333,4.0,4.33333333333333,5.0
241.0,4.153526970954357,1.5907538858387882,1.0,3.0,4.0,5.0,7.0
241.0,3.066390041493776,1.57445461368916,1.0,1.0,3.0,4.0,5.0
241.0,3.925311203319502,0.8959529416114975,1.0,4.0,4.0,4.0,5.0
241.0,2.871369294605809,1.3769114715744253,1.0,2.0,3.0,4.0,5.0
241.0,2.3858921161825726,0.8344460068288342,1.0,2.0,2.0,3.0,5.0
241.0,4.029045643153527,0.7211006647766702,2.0,4.0,4.0,5.0,5.0
241.0,2.3858921161825726,1.0390541235402126,1.0,2.0,2.0,3.0,5.0
241.0,2.7468879668049793,1.2641864412457513,1.0,2.0,3.0,4.0,5.0
241.0,2.7178423236514524,1.409511259870329,1.0,1.0,3.0,4.0,5.0
241.0,3.271991701244813,0.6107640160194255,0.94,3.03,3.47,3.7,4.0
241.0,4.580912863070539,1.438564387346701,1.0,3.0,5.0,5.0,8.0
241.0,3.2987551867219915,1.1226635488798076,1.0,3.0,3.0,4.0,5.0
241.0,3.336099585062241,1.1361043335487098,1.0,3.0,3.0,4.0,5.0
241.0,3.921161825726141,1.0398358738457976,1.0,3.0,4.0,5.0,5.0
